17535904
17761682
27711506
24991578
16033618587159161938
24570273
20724408
13390186
17877270825028232400
16471392368870325135
21075258
21145631
16730883
25133443
7124261652337106889
21387740
12981870
20196069
25634188
20304010
25694112
27013813
25574298
23473924
14704292
20661324
22081257
15040619347138510066
11504736
15432317
20330702
10365831290651691441
15288262
14433948
7378254103643162716
15840228
12674712
17229290
16894549
4011236
5802665056231636009
23894517
27267920
9299546043529281895
13784725
12475230
23821904
9973480
24967573
18002878
17911369284983813024
12832996
7486893122971364707
19131565
26387293
16505215
14432976